epoch,acc,loss,val_acc,val_loss
0,0.3307514,1.9993987039134056,0.4580441,1.670818214233105
1,0.4794886,1.5726074844806082,0.5299244,1.4536106219658484
2,0.5080529,1.475775890234696,0.53462905,1.4306581295453584
3,0.5160118,1.4483420279208763,0.53809965,1.3933393634282625
4,0.5223538,1.4297309767118918,0.5444239,1.3859039911857018
5,0.52972364,1.4126490397090832,0.5476631,1.371898958316216
6,0.5340603,1.398021727484734,0.5407219,1.3578342703672557
7,0.53673,1.3824585361454416,0.5489742,1.3433162111502428
8,0.5400138,1.3684126920147843,0.5491285,1.3458636173835168
9,0.5431472,1.3589150444012115,0.5284591,1.39233614389713
