epoch,acc,loss,val_acc,val_loss
0,0.43459296,1.6933620642067801,0.5652476,1.3964661084688628
1,0.5652692,1.3403923734728387,0.58329475,1.3047273755073547
2,0.586802,1.2581433220062668,0.58661115,1.253210342847384
3,0.60329634,1.2004630553092606,0.61090547,1.1995312892473662
4,0.6167575,1.1533894650446201,0.61707544,1.157078715471121
5,0.6323244,1.1056230554905213,0.6268703,1.1317449234999144
6,0.64594847,1.064802385243122,0.6371279,1.090794290487583
7,0.6544714,1.0340530174002802,0.63951874,1.081244326554812
8,0.6606505,1.008018327811954,0.6369736,1.070548632970223
9,0.6668296,0.9855206556754086,0.63882464,1.0655019764716809
