epoch,acc,loss,val_acc,val_loss
0,0.26955286561264824,2.139364504531438,0.27084289439887616,2.1239553040204946
1,0.2806447628458498,2.1085411552383966,0.27084289439887616,2.1322121441099866
2,0.28107707509881424,2.107494942849804,0.27084289439887616,2.12720328258487
3,0.28107707509881424,2.1066543481095508,0.27084289439887616,2.1212371069666114
4,0.28107707509881424,2.1067427033963413,0.27084289439887616,2.1218477190498257
5,0.33910573122529647,1.8848477708492355,0.3613278262199786,1.7677756665185884
6,0.4493453557312253,1.6583229847105123,0.49204528122041613,1.559600788591031
7,0.49995059288537547,1.525065421492686,0.5111672015151464,1.4933082087243827
8,0.5191823122529644,1.481442013653842,0.526847177029969,1.4573954944492427
9,0.5292119565217391,1.4532615574923429,0.5383203309191756,1.4373303880672563
10,0.5345973320158103,1.4323720425956334,0.5428331032958402,1.4124970242246604
11,0.5388833992094861,1.4178355373412723,0.5423741773744233,1.4117811144501569
12,0.5415266798418973,1.4029891781184984,0.5480342659086596,1.3933544220573515
13,0.5446640316205533,1.3911744677502176,0.5497169957004849,1.3815959405512444
14,0.5480854743083003,1.3811625680433433,0.548952118316812,1.3690952373349705
15,0.5477890316205534,1.3728507117320425,0.5553005960295101,1.3571043143820212
16,0.5513216403162056,1.3636374513151146,0.5539238187576336,1.3526074223805042
17,0.5531497035573123,1.3555111833240674,0.5593544437156935,1.339308392113459
