epoch,acc,loss,val_acc,val_loss
0,0.31608698,2.005508657026808,0.49884313,1.5820547511944405
1,0.47991478,1.5874292777804881,0.5224433,1.5017775810681857
2,0.51734036,1.487732923254226,0.54935986,1.4258695510717538
3,0.5391114,1.4188903703675828,0.57010645,1.351136142015457
4,0.55682147,1.3612779549595526,0.5799784,1.3216614154668955
5,0.5673122,1.328643102943804,0.58159804,1.2972588474933917
6,0.5717365,1.308847977104003,0.5855314,1.2770509059612567
7,0.574895,1.2929242821185596,0.5874595,1.2677277918045338
8,0.5783543,1.277473911438519,0.5927811,1.2509086416317867
9,0.5824779,1.2634122933840597,0.59663737,1.2406939731194422
