epoch,acc,loss,val_acc,val_loss
0,0.4167074,1.766968554802584,0.5279192,1.4985178067133977
1,0.5341104,1.4338799674864915,0.5669443,1.359754855816181
2,0.56876606,1.317089459708873,0.5674071,1.3212543313319867
3,0.5861753,1.255612506863168,0.5971772,1.2613638456051166
4,0.59893465,1.2177722790908072,0.5980256,1.2374630983059223
5,0.61133045,1.1812848596007497,0.6101342,1.2136476635932922
6,0.6196278,1.1526372272821719,0.61275643,1.1847414488975818
7,0.6269474,1.1264779138723442,0.61877215,1.173665280525501
8,0.63488126,1.1047891319324747,0.6142218,1.174415918496939
9,0.64045876,1.0833688420446144,0.6152244,1.1568639668134542
