epoch,acc,loss,val_acc,val_loss
0,0.33597794,1.9738470626563187,0.49591237,1.5927090644836426
1,0.5020242,1.515108689891595,0.53717417,1.4419570656923146
2,0.5329323,1.435537922442867,0.54334414,1.4117864232796888
3,0.543636,1.3947607089592087,0.56301093,1.3663034301537733
4,0.5501661,1.360453359179907,0.5575351,1.3527454733848572
5,0.5595413,1.324817506225738,0.5718803,1.3067795542570262
6,0.5661967,1.2965044044974663,0.5691809,1.2962161119167621
7,0.5744814,1.2698740386168013,0.5796699,1.2582233777413
8,0.5822523,1.2474026417234694,0.5917785,1.2439719942899852
9,0.5910635,1.222812058678051,0.58815366,1.2282260702206538
