epoch,acc,loss,val_acc,val_loss
0,0.35900232,1.86810885754087,0.42117846,1.7196412590833812
1,0.44017047,1.6461338302818256,0.52036095,1.521482004569127
2,0.497675,1.5434967527923231,0.53362644,1.4710847185208247
3,0.49301246,1.5284843402704649,0.5354003,1.4745115270981421
4,0.521677,1.4690368123331516,0.543884,1.4350107174653273
5,0.5237952,1.4600446104308586,0.5479716,1.440412686421321
6,0.527643,1.4404003560800798,0.5339349,1.4272389503625722
7,0.45912138,1.6623388268725423,0.45434213,1.7560569643974304
8,0.46754402,1.6588966728175665,0.5190498,1.5191853367365324
9,0.5231685,1.4754096435366504,0.5529847,1.4277376028207631
