epoch,acc,loss,val_acc,val_loss
0,0.36251175,1.8786264228560823,0.4983804,1.5313317014620855
1,0.5166134,1.4905802696623913,0.5517507,1.4054896409694966
2,0.53968793,1.416325855958863,0.5544501,1.3830849693371698
3,0.55012846,1.3770788513628724,0.5668672,1.3523811587920556
4,0.5597042,1.3421238694505044,0.57388556,1.315299441722723
5,0.5635395,1.3243342018772906,0.5684097,1.315411762549327
6,0.56645983,1.3074718039085254,0.57388556,1.299632932131107
7,0.56768817,1.2925978518222638,0.5774333,1.262953586761768
8,0.57426834,1.2668594710097887,0.57758754,1.2543350256406345
9,0.5779783,1.2661852690781643,0.586534,1.2367873315627758
