epoch,acc,loss,val_acc,val_loss
0,0.37765244,1.853800791553173,0.52984726,1.5054710094745343
1,0.52412105,1.4530285495141997,0.55738086,1.3779105177292457
2,0.5553675,1.3470800717671711,0.5619312,1.3363886796511137
3,0.5691295,1.2886847137829605,0.5901589,1.2498703002929688
4,0.5803472,1.2428102358620052,0.59316677,1.2206307236964886
5,0.59583884,1.1923236893182143,0.61129105,1.167329905124811
6,0.6087986,1.1510736613552426,0.6156872,1.1330582041006823
7,0.6180986,1.124308122236074,0.62455654,1.1074795424938202
8,0.623814,1.1023518374504553,0.6142218,1.1222502497526317
9,0.6285517,1.0857228303841648,0.6294925,1.0941224694252014
