epoch,acc,loss,val_acc,val_loss
0,0.3781538,1.809209066068737,0.499383,1.5417641543425047
1,0.50134736,1.5176740731258862,0.54126173,1.4341389367213615
2,0.5291972,1.4476572814692663,0.5532161,1.3966041083519276
3,0.54077834,1.4132904664028436,0.5582292,1.3760394664911124
4,0.5498151,1.387237230876921,0.5654018,1.3558841719077184
5,0.5542771,1.3637923105487535,0.57164896,1.328323000210982
6,0.56347686,1.340294229354507,0.57982415,1.3149985638948587
7,0.57028264,1.3223563690207063,0.5816752,1.3038303627417638
8,0.57604814,1.3048783639263688,0.5911615,1.2771378049483666
9,0.5814251,1.2885330267371469,0.58954185,1.271561120565121
