epoch,acc,loss,val_acc,val_loss
0,0.41709596,1.7649529222543507,0.5478945,1.4372415634301992
1,0.54300934,1.398272865800367,0.5750424,1.3299439549446106
2,0.5716864,1.2948195590137381,0.590236,1.2574268166835492
3,0.58845645,1.2346328583159318,0.60728055,1.197979966035256
4,0.60244405,1.1884415202192504,0.6142218,1.1577116067592914
5,0.6183869,1.14144205589555,0.62486506,1.1310400458482595
6,0.6267845,1.1081210289442534,0.6300324,1.0984563644115741
7,0.63346493,1.0848181718601697,0.63481414,1.0770205832444704
8,0.6375509,1.0658831914729132,0.63651085,1.0757775696424337
9,0.6436047,1.0521402267030049,0.63635665,1.0670420710857098
