epoch,acc,loss,val_acc,val_loss
0,0.38049757,1.854139083843897,0.4545735,1.6424491313787608
1,0.44864324,1.6375671107540262,0.44848064,1.6199577955099254
2,0.4496334,1.6483424414621377,0.3490668,1.7873713099039519
3,0.4281632,1.6867802604410054,0.496915,1.5244786005753737
4,0.47868648,1.5663427729411494,0.5096406,1.4937295684447656
5,0.4905684,1.5333884474178854,0.5209779,1.482628317979666
6,0.49561948,1.520129725653224,0.51735306,1.4826117341335003
7,0.49736166,1.5123064051223083,0.524757,1.5053598009623015
8,0.48812434,1.577525236072147,0.53439766,1.4939804673194885
9,0.4931378,1.553550508231935,0.5282277,1.4936939844718347
