epoch,acc,loss,val_acc,val_loss
0,0.2759792,2.146577317025747,0.2909147,2.0987420678138733
1,0.27800965,2.1117184266370512,0.2909147,2.0960272825681248
2,0.27961397,2.1099254299197767,0.2909147,2.0936662508891177
3,0.27961397,2.108905185367885,0.2909147,2.0986890150950503
4,0.27961397,2.1095346098997436,0.2909147,2.095357074187352
5,0.27961397,2.107847302188743,0.2909147,2.101351568332085
6,0.27965155,2.1090745143456484,0.29137745,2.0967927483411937
7,0.32662782,1.937214480933371,0.39341354,1.732127872797159
8,0.4541079,1.6394479844521899,0.52784204,1.4974620388104365
9,0.517403,1.4862107340969926,0.5514422,1.4252144602628856
