epoch,acc,loss,val_acc,val_loss
0,0.42256063,1.777856833121827,0.5495141,1.4279751044053297
1,0.5406906,1.3921630004522547,0.5701836,1.320167431464562
2,0.5629128,1.3053555183813463,0.5876909,1.2543461322784424
3,0.57910633,1.2481602497863435,0.60689497,1.2043086703007038
4,0.5892586,1.2033363554123133,0.6089773,1.164890869305684
5,0.60463744,1.163109915657077,0.62363106,1.1275387498048635
6,0.6106411,1.1349922074495853,0.6251735,1.1133028108340044
7,0.61758476,1.113526677505604,0.6343514,1.0928375216630788
8,0.62199664,1.100329245985798,0.6307265,1.0886318867023175
9,0.62658393,1.0866432873222727,0.63427424,1.0773250208451197
