epoch,acc,loss,val_acc,val_loss
0,0.2795889,2.1457893395458254,0.35616228,1.8776242503753076
1,0.3844833,1.7322374538557417,0.42449483,1.657274869772104
2,0.46759415,1.5892446574332861,0.4623631,1.5910251415692842
3,0.5347371,1.452582422499296,0.5582292,1.4134992819565992
4,0.55652064,1.4005963691592613,0.5743483,1.3695317139992347
5,0.56936765,1.369339443957917,0.58815366,1.3478529224028954
6,0.5729147,1.348770196173225,0.58074963,1.3500588307013879
7,0.5770634,1.3346413430649438,0.5892334,1.3322634788659902
8,0.5828163,1.3252290797994095,0.590236,1.3347102587039654
9,0.5790061,1.332254551109488,0.5859941,1.3331342614614046
