epoch,acc,loss,val_acc,val_loss
0,0.305496,2.0620455581920596,0.3795311,1.7784666143930876
1,0.36055648,1.800194562061946,0.39333642,1.7435089716544518
2,0.3725387,1.7775183183967436,0.38014808,1.7263047924408546
3,0.40630445,1.7375960071814376,0.47092396,1.6296019141490643
4,0.44690105,1.644515619459043,0.501234,1.53803393473992
5,0.47547784,1.5756088536208663,0.51789296,1.5253832569489112
6,0.48764804,1.5391646095928995,0.52313745,1.4945090183844933
7,0.49538133,1.5216479834962207,0.50416476,1.5030599878384516
8,0.5039042,1.504707522975582,0.53632575,1.470010546537546
9,0.5057843,1.4982966155136872,0.5121857,1.463742998930124
