epoch,acc,loss,val_acc,val_loss
0,0.40216833,1.7710089050259978,0.5324695,1.4733595068638141
1,0.5351006,1.4042762129843336,0.5625482,1.3396435242432814
2,0.5556809,1.323644418362919,0.5669443,1.2985352277755737
3,0.5710973,1.2765170051376644,0.5946321,1.2330979452683375
4,0.57933193,1.2423811608062485,0.59509486,1.2170385603721325
5,0.59116375,1.2084233674039635,0.61090547,1.1719667200858777
6,0.60043865,1.1790058203849785,0.6119852,1.150031885275474
7,0.60805917,1.1532686807879635,0.62656176,1.1235708135824938
8,0.61341107,1.133417632299355,0.6275644,1.1199058890342712
9,0.61708343,1.1205469692546024,0.6244794,1.1117531313345983
