epoch,acc,loss,val_acc,val_loss
0,0.30513254,2.1097614206108015,0.3829246,1.8414991085345929
1,0.35860124,1.8743915993490337,0.3814592,1.8450124309613154
2,0.45094943,1.6986198204609733,0.5169675,1.5488237738609314
3,0.5058971,1.52865703649641,0.5273793,1.4699771587665265
4,0.5231435,1.4515004275907002,0.5422644,1.410625893336076
5,0.5427461,1.4027255530957106,0.5668672,1.3731558735554035
6,0.55194587,1.3682223317422477,0.5600031,1.359269142150879
7,0.55987966,1.341402523631312,0.57481104,1.316218926356389
8,0.5661465,1.3177468312595724,0.5796699,1.3014091849327087
9,0.57122266,1.2924499876690276,0.57604504,1.3028911031209505
